.Random.seed <-
c(403L, 10L, -443459420L, 452113034L, 2008770805L, -1115529393L, 
725600342L, 900657920L, 242771523L, 1996422625L, 383781200L, 
1000701870L, -1090882215L, 2056688491L, -1942187302L, -1937603684L, 
1988394911L, -104528395L, 1145088140L, -350017182L, 837510461L, 
-356358729L, 195539550L, 1762399128L, 583318267L, 448590489L, 
-2026980568L, -1761433130L, -1864804783L, -1083550461L, 1980188818L, 
1098120740L, 2096734439L, 2104423741L, -781774412L, -203543014L, 
1811107173L, -2133527553L, -1116614010L, 17175056L, 434956467L, 
-2136235183L, 1654279936L, -1193091618L, -309303767L, -1266692645L, 
-61353238L, 1579745420L, 295153615L, 972138373L, -893664196L, 
-1861638894L, -994627059L, -2072344249L, -2146477266L, -137841016L, 
1352335243L, -1025151127L, -755293896L, 363273190L, 1393691521L, 
-1187568877L, -461615934L, -2085525644L, -795604105L, 1907723373L, 
1639457540L, 1728100906L, -313010283L, -250422225L, -439552714L, 
-343753376L, -1292305501L, -113238847L, -144663376L, 320650190L, 
663559993L, -1527677109L, -886141702L, 1268848124L, -93321665L, 
-350618859L, -1309976532L, 464406786L, -960388643L, -1838874409L, 
-455521346L, 1147387384L, 22440411L, 977594425L, -159198840L, 
1431829814L, -717191311L, -1084164701L, -1456133902L, 391943236L, 
1746063111L, -1675559203L, 317079508L, -1662570758L, -505056699L, 
-554114401L, -669118426L, -1776814928L, 571512147L, 1774571633L, 
170044832L, 1496228158L, -454537143L, -1114827525L, -1581794102L, 
2007024172L, 494745135L, 1337292517L, 199670684L, -451588622L, 
1988008045L, 911831463L, 221217742L, -696768216L, 632642347L, 
641136969L, 1019276888L, -1440293114L, 1302694625L, -2115436941L, 
906864354L, -1102964140L, 1974952791L, 989808461L, -633480476L, 
1186112202L, 1279966005L, -34442865L, -963311978L, 485271104L, 
-936927485L, 106108705L, 356630544L, 574920686L, -766060647L, 
808087595L, -44694246L, 1368983516L, -111588897L, -1248866891L, 
812997452L, 218200482L, -2017707779L, 885155319L, 158098206L, 
-1368564264L, -138315973L, -2115411751L, 809266280L, 1493176726L, 
1958236433L, 686293699L, -442926382L, 492571492L, 555794087L, 
-1087625219L, 102031860L, 1837240026L, -507563995L, 720878911L, 
-849620282L, 1680539472L, 491020147L, -496426607L, -2030636096L, 
-1512417890L, 1370154857L, 1657136027L, 1548503722L, 2098586828L, 
859725199L, 1375074757L, -668959364L, -562428462L, -27115187L, 
576898055L, -259427346L, -691250488L, -769124917L, 1860014121L, 
-675039624L, 1752454054L, 1611314625L, 516117075L, -1474029310L, 
-1393012684L, 572434871L, 1339964845L, 584013508L, 1582889706L, 
-507347627L, 1702933231L, -98823946L, 941142048L, -1706536477L, 
-982601087L, 106994928L, 80696206L, 1568910585L, 1860949643L, 
-903797062L, -1897911876L, -280601857L, -321954219L, 1425140076L, 
-1208370750L, -1786826211L, 494955159L, 1745249278L, -1637826632L, 
-777817189L, 2074958329L, 1190553928L, -1081338762L, 2039923121L, 
802992099L, 321531058L, 253976836L, -1721480633L, -315036387L, 
101850004L, -1273852102L, 598340485L, 561036272L, 2052312764L, 
-1100550892L, -1104408382L, -1373920160L, 27308412L, -1137221680L, 
1701882146L, -136151384L, 1212187532L, 1592288444L, 254478130L, 
1753576000L, -187380556L, -1580817336L, -573922886L, -848982512L, 
-1337628436L, -1960353452L, -1129701614L, -1473866336L, 1525689036L, 
-755292576L, 1611571138L, 602684200L, -415148628L, 527219004L, 
-1939970190L, -155002576L, 872894244L, -1986024136L, 1277700826L, 
661170064L, -114756868L, -550015084L, -1564534718L, 324549888L, 
2011984956L, -940288688L, -2056746846L, -907380920L, -1427222772L, 
1589701340L, -1415636142L, 1831248512L, 651626580L, -634973208L, 
1525819130L, 1800556880L, -1310627028L, 1721487220L, -976180334L, 
1120951904L, -2108751988L, -19668128L, -2089844766L, 1157816232L, 
1394746572L, -1240986116L, -36559950L, 1887326704L, -1442926140L, 
1327063384L, 294290810L, -138944080L, 2066821052L, 431751252L, 
-2090449982L, 263478304L, -799023940L, 2079048272L, -1401911326L, 
1687694952L, 659503692L, -613293828L, -13414414L, 362108160L, 
2072416116L, 1315901448L, -582283846L, 1162249680L, 2055797740L, 
1774735252L, -1122376750L, 2086664032L, 87985484L, -611058400L, 
1610916738L, 983188200L, 103490796L, 1202500156L, -650570894L, 
1572530800L, 1610498084L, -225013960L, -1395116902L, -400024880L, 
-845510468L, 1907914388L, -651391358L, 2074324160L, -691748548L, 
-1552033648L, 1567060514L, -1712902648L, 1548249356L, 776616604L, 
-1151289838L, 2026194304L, 1453311508L, -762266072L, 2113893690L, 
-1715968048L, -1050762644L, -1260269772L, 11913874L, -1469077152L, 
-971712180L, -1553432608L, 211281826L, -716509272L, -2031086708L, 
-935070020L, -1711924366L, -1470465808L, -795103164L, -1757401768L, 
1883202618L, 34937712L, 951430204L, -1021480172L, -1050336830L, 
1527873760L, 626739068L, 1053050576L, 985028258L, -1524274136L, 
666300684L, 845790140L, 885349682L, 1639241664L, 338248244L, 
667761608L, -1531222854L, -173158512L, 1166409196L, 261578836L, 
29871762L, -87575776L, -1077094964L, 882850784L, -1080956222L, 
-963630552L, 658441900L, -832738628L, 139983346L, 138373424L, 
742153380L, -1099756872L, -976407718L, -135441008L, 662421884L, 
831206676L, 440332610L, 1120074496L, 1952291772L, -1595202736L, 
-827500254L, 332856648L, -378009588L, -1292566436L, 496446674L, 
-61126656L, 1911733076L, -1634948632L, 581640186L, 1539727056L, 
-1618578132L, 2123075828L, 1857124242L, 280730720L, -1087722228L, 
191758048L, 1766792546L, 1075442344L, 1628826188L, -895563908L, 
302676786L, 750626416L, -1235579580L, -1945363496L, 997826682L, 
-1328302544L, 702091964L, 216246100L, 1878446658L, 662016928L, 
484798652L, 30919120L, -1402800798L, -1724433432L, 1122893772L, 
-1672587524L, 1263493106L, 1512025216L, -1833928460L, 670520456L, 
-1277434566L, -512433328L, -1390015380L, 461099156L, 987937106L, 
-1817753888L, -1438023476L, 337604768L, 639005058L, -409571096L, 
-630808340L, -1675231172L, 18530418L, -234870672L, 607017508L, 
1624506936L, -60337638L, -1703085872L, -1395009988L, -37694316L, 
1423587117L, -859014246L, -1286596264L, 1955716289L, -1835857037L, 
-1044174700L, -920122078L, -934958025L, -1701698303L, -1576941562L, 
1371504196L, -969635979L, 1747409631L, 190178872L, -1835207146L, 
52603427L, -1092975131L, 113302530L, -1972158864L, 1563143193L, 
-694628853L, -2026205956L, -746774230L, -1258637473L, 2091906793L, 
909538814L, 107465196L, 1189425469L, -1500012281L, -1899171600L, 
-744649586L, -2080266565L, 1125742237L, 669995594L, -902197144L, 
1682530385L, 1264423747L, -632539580L, -173013774L, 370974919L, 
-609733999L, 1905265686L, 1772574324L, 1842950405L, 1198886735L, 
-1268676280L, -1681959706L, -899675629L, 228986229L, 1583968594L, 
2127534496L, 102649993L, 213416123L, 561869580L, -1593027942L, 
239269903L, 2043649113L, -353816338L, -419335300L, 2052874221L, 
1722456215L, 284197728L, 860562238L, -1255773173L, -110113651L, 
-392376902L, 667804664L, 922877857L, 502995283L, 2082674804L, 
399927810L, 1111868567L, 826173025L, -1315000666L, -1063266652L, 
182453077L, 1105633279L, -1349927272L, 531268534L, 1396066371L, 
961036677L, -1079983582L, 534604048L, 1819924665L, 719027563L, 
-788126628L, -1053800054L, -522035841L, 1366593737L, -30841506L, 
853530124L, 1302071773L, 1838373095L, -1527096048L, -462343122L, 
586574555L, -1698579523L, 1462236458L, 821291464L, 2520817L, 
328390755L, 1759894628L, -2067099758L, -263060377L, -422622159L, 
-2016651914L, 1411166868L, 1179865253L, 630539695L, -958988696L, 
-727808442L, -1369897997L, -1381883051L, 1264487730L, -110952192L, 
-1646872087L, -290444197L, 1088472748L, -1038716742L, -577992081L, 
-1031890951L, 1753863822L, -1762207908L, 1801071565L, -1510323401L, 
908235200L, -1045518690L, -1395445909L, 1453799149L, -1390320806L, 
-2003484648L, 31059329L, 1734982451L, -1082693292L, 1100553058L, 
-1165559817L, -109971391L, -250385210L, 1952778756L, -1020967499L, 
679942815L, -1066812680L, 827526870L, 657644387L, -1550904539L, 
-950427454L, 1209937328L, -687567399L, -813520053L, 1681430972L, 
