.Random.seed <-
c(403L, 10L, -1985189436L, 383715818L, -1895598507L, -563714065L, 
1307129846L, -1652395744L, -1316585757L, 2016651137L, -857054736L, 
894066830L, -767244295L, -958014069L, 938838458L, -457652036L, 
-1527993345L, -17655467L, 1134486124L, 1299203778L, 594907421L, 
1744709527L, -614751490L, 943044792L, -787471717L, 945697017L, 
242848328L, -1086128778L, -1259574095L, 302940387L, 1417912242L, 
-553492476L, 1728107335L, -617870819L, 1677959316L, -1635233734L, 
-1850846587L, 1758286687L, -374821914L, -1106696592L, -1182266989L, 
2112384561L, 336381152L, 1603335550L, 931850249L, -479180741L, 
-1301113334L, -1218263572L, -1042625937L, -429996635L, 1387623772L, 
1676355890L, 377845805L, 983930599L, 1175108622L, 150250984L, 
1191727083L, -921636727L, 1491166232L, -147655866L, 2091807137L, 
1505452083L, 576187810L, -389277548L, -969404649L, 648685837L, 
-624017372L, 481050634L, 1756194165L, 1399055567L, 409176022L, 
1997981568L, -1923736637L, 463015265L, -1630235696L, 1019437870L, 
198049497L, 2043251947L, -1660105382L, -179101924L, -1385620961L, 
-1839437195L, -915183860L, 916290274L, 13713341L, -855701449L, 
317129438L, 1661607448L, 1512759675L, 1667266841L, 335545768L, 
-75437738L, 626309585L, 846690691L, 1449912338L, 1419750308L, 
-1372963993L, 813703357L, -911558604L, -131351654L, 1652553701L, 
-2046844033L, -558963962L, -1844343664L, 106446131L, 1609407185L, 
1872887936L, -379872930L, 759926441L, 560306523L, 1136374634L, 
-982337012L, -1578882481L, 1729447685L, -646869060L, -1200903534L, 
434975117L, -12248633L, 1839786670L, -1747328248L, -701767413L, 
1685381097L, -1919350600L, 1647656806L, 1066519553L, 275749523L, 
399764802L, -1202068748L, -6861065L, 1613844205L, 412383620L, 
-1391364182L, 130510101L, -2104178769L, 2106402742L, 1510604256L, 
-1993730781L, -1953019327L, 507798832L, 1255685966L, -1714215495L, 
-1794754613L, -577516422L, -1637773956L, -1470470721L, -400489835L, 
-177356628L, 664029826L, 228868701L, 959305047L, -411625410L, 
-785957768L, -426096805L, -799358279L, 533741320L, -1335159370L, 
-615339279L, -153084637L, 951195506L, -173632060L, -64402041L, 
-644923555L, 1789546836L, -1193933958L, -351006011L, -1627057121L, 
1864237990L, 345199920L, -1368909869L, -1364150799L, 1811145504L, 
516591038L, -9148983L, -1102292613L, 1567792970L, -617341012L, 
1001465519L, -2075569051L, 561525788L, -469951886L, -515826451L, 
478225703L, -1976913586L, 459760040L, 1664259499L, -422727991L, 
-1065707816L, -686982266L, -1689629087L, 1193367539L, -1356887454L, 
-609104684L, 1185295831L, -1271199795L, 486749028L, 1522587466L, 
1765174965L, 1645643279L, -1967851754L, 1820938688L, -1485409917L, 
1400694689L, -337918064L, -556557202L, -2021881319L, -1018711381L, 
2131805850L, 2090865244L, -1019277473L, 543924533L, -386023220L, 
1378077218L, 1116562557L, -554107529L, 2107699870L, 1256202584L, 
1368864955L, -578173351L, 1231746536L, 540782614L, -2132821103L, 
2022327363L, 353614674L, -1573543964L, 363085351L, 720246397L, 
-1432942732L, 1313897306L, 10964389L, 197430832L, 828476092L, 
362499924L, -436513726L, -120672864L, -319423812L, 316897744L, 
1814850914L, 1346842600L, 133089228L, 450248444L, -1094557198L, 
-702535552L, -1334987532L, 1063794312L, -389544134L, -1073884336L, 
1675843180L, -298446700L, 1693466962L, 383147744L, 2018538188L, 
254251168L, 992041858L, -1484229912L, -1904635156L, 221899836L, 
1860756082L, -1752931216L, -282114524L, -1153481672L, -1159567334L, 
-1840330032L, -1624431556L, 1691276436L, 969378946L, 575694784L, 
-470869700L, 23278224L, 12966946L, -860756984L, 964573324L, -182424548L, 
-1322432878L, 1469478016L, -1398603756L, 1340302632L, -1764274630L, 
-1368972080L, 1826620524L, -988622156L, 178358290L, -657049632L, 
1339215820L, -917885472L, -815469022L, -1361057496L, -1162432244L, 
-382331332L, 462823666L, -1340540176L, -1145257148L, 2003380824L, 
391098938L, 993060592L, 1855323324L, -1843229164L, 2108178626L, 
-1256247200L, 463801724L, 739966160L, 90520610L, 1214970536L, 
81932172L, -1560946244L, 529658930L, 1875949376L, -2027620172L, 
1544659784L, -1981777222L, 1127821072L, 2057033964L, -2143161260L, 
-194124014L, -1189293152L, 1769078732L, -765605024L, 2075070658L, 
-1655024088L, -1865710164L, -793444548L, 859262834L, -1253809360L, 
1609286180L, 1211199544L, 851856602L, 1122959760L, -1567824132L, 
-1906393196L, -384556222L, 703830528L, -1377983940L, -1126394288L, 
1874514594L, -609260728L, -1649165812L, -12432164L, 885023314L, 
-1543407488L, -2062460076L, 992506344L, 386624250L, 2114385744L, 
-1445280724L, -594094732L, -2004627822L, -287401376L, -1333013876L, 
368708448L, 1076466402L, 2084239528L, 638177484L, -902237700L, 
784654258L, -401517072L, -486920764L, 1400743768L, 504208250L, 
-2101707344L, -552918596L, -716976044L, -1411206206L, -2001448160L, 
890410940L, 1469346384L, -979517982L, -2085469848L, 188181836L, 
1158369532L, -757619982L, 943333120L, -1131397516L, 100208648L, 
-2082807366L, 168312784L, 94624236L, -1731766380L, 2005271250L, 
795737696L, -508402356L, 700900640L, -390919550L, -1136403992L, 
-1737498644L, 1445758524L, -233146766L, -1091130512L, -858941148L, 
308367928L, -291772006L, -218236464L, -1117215300L, 1559574676L, 
-679635838L, -1850391104L, 471739196L, 832580752L, -1806464222L, 
-1039772152L, 1193825548L, 1042695580L, -735371758L, -1094210688L, 
-155630828L, -1508310744L, -1209506758L, -812184624L, -1237841300L, 
955564596L, 2026687122L, 1684546912L, 878065996L, -556668960L, 
-359828062L, 789382568L, -347896180L, 157736380L, 597229170L, 
165573616L, -1920471484L, -1274781608L, -803116998L, -187060112L, 
570464316L, -180338412L, 1374364354L, 2079598304L, 1015494780L, 
1054602960L, 1288763810L, 1250842664L, -742577396L, 103737788L, 
-206265550L, -1170560320L, 352504884L, 556326600L, 825341114L, 
1010824848L, 145108716L, -182355372L, -1153310062L, -546674400L, 
1760694732L, -1392254240L, -408469310L, -1429148632L, 486291372L, 
212937404L, 218020850L, -1102662096L, -146501724L, -1255027272L, 
1215805274L, 281260176L, 1243294588L, -1977032428L, 399863501L, 
-1412285958L, 1779524152L, 1871921121L, -201377645L, 629562036L, 
1373476802L, -1935060009L, 88595489L, -1895097370L, 1279788772L, 
980349461L, -1554859457L, 1503080920L, 1271801846L, 412995587L, 
-100353211L, -503476382L, -1877610288L, -2003108871L, 313038635L, 
-1295440740L, 876477130L, -137268289L, -147841271L, 945047582L, 
482228684L, -227290211L, -497414617L, 1862231120L, -860558098L, 
416663963L, -1534066691L, 464669418L, 572661128L, -1172288719L, 
1349501859L, 643105700L, 1989955154L, -731664985L, -626193935L, 
-1152402122L, -590674476L, 1200565093L, 1637929839L, 764489128L, 
833811206L, 771515955L, -1870795627L, -368421646L, -1421822656L, 
-1131308375L, -903113957L, -1381849876L, -1749448454L, 469489967L, 
-1294983879L, 528633678L, -204446308L, -1332271347L, -1221840521L, 
1570219392L, 12874718L, -224035669L, 2066171821L, -790119398L, 
-570379560L, -705823935L, -1698857997L, -319666668L, 1380360098L, 
-1743265609L, 1908013697L, -1731679610L, -1409045820L, -1271477259L, 
539157087L, 1985213624L, 2074464662L, 953912227L, 235958117L, 
-2125404542L, -1815596048L, 24733081L, -1972647029L, -1430600068L, 
-140313430L, -1202106657L, -497171351L, 612195966L, -1488185748L, 
-180086083L, -1867733113L, -1258642576L, 2012025358L, -1654415557L, 
2026775581L, 1518628042L, -1521993752L, 1583940817L, 769003715L, 
1879709636L, -2082655118L, -585175737L, -805289711L, 1853842582L, 
-664200716L, -1947800699L, -1057955121L, 1753513928L, 231921254L, 
-1496598381L, 104212469L, 2055602642L, -668784096L, 310625289L, 
-144066245L, 776899724L, 907225370L, -473174129L, 1410445529L, 
-624500882L, -1357658372L, -609590163L, -1353252841L, 1080302048L, 
1916364222L, -471929973L, -1370244083L, 297806906L, -1594459016L, 
1519327265L, -1641991469L, -1584274956L, 1863273090L, 1939089175L, 
-561041951L, -1492909274L, 217931300L, 209570005L, 1169844351L, 
1491643672L, 1302930486L, 1976347331L, 3491589L, -677709150L, 
